  0.
  0.
  0.
  0.
  0.
  0.682623386
  0.
  0.
  0.
  0.
  0.
 -0.186779782
 -0.344349623
  0.
  0.
  0.
  0.
  0.
  0.
 -0.979010403
  0.
  0.
  0.
  0.
  0.
 -0.443448961
  0.
  0.
  0.
  0.
  0.390515327
  0.
  0.
  0.
  0.
  0.
  0.
  0.221801326
  0.
  0.66238004
  0.666904926
  0.
  0.
  0.
  0.
  0.
  0.
 -0.59680593
  0.
  0.
  0.
 -0.192187369
 -0.967793286
  0.
  0.
  0.
  0.
 -0.635025918
 -0.0866661146
  0.
  0.
  0.
  0.
  0.
  0.
  0.
  0.
  0.175110474
  0.930533707
  0.
  0.
  0.
  0.
  0.
  0.
  0.
  0.
  0.
  0.
  0.
  0.
 -0.544910789
 -0.584435403
 -0.338906676
  0.
  0.800386965
  0.
  0.
  0.
  0.10007073
  0.
  0.
  0.
 -0.166387975
 -0.184855416
  0.
  0.
  0.
  0.809410155
  0.
  0.982922256
  0.
  0.
  0.
  0.
  0.
  0.
  0.945490956
  0.030064458
 -0.662336826
  0.
  0.
  0.
  0.
 -0.611010253
  0.
 -0.000268919859
 -0.621899843
  0.
  0.
  0.
  0.00691599539
  0.
  0.
  0.
  0.
  0.
  0.
  0.
 -0.73805958
  0.
  0.70230937
  0.
 -0.744042754
 -0.979986429
  0.
  0.717990994
 -0.544239521
  0.
  0.
  0.
  0.152233824
  0.
  0.504132152
  0.681917191
  0.
  0.716866732
 -0.0590426736
  0.945958853
  0.
  0.
  0.
  0.
  0.
  0.
  0.
  0.
  0.
  0.
  0.
  0.
  0.408766866
  0.
  0.
  0.
  0.
  0.
  0.
  0.
  0.565445125
  0.
 -0.904464126
  0.
 -0.347065181
  0.
  0.904229462
  0.
  0.
  0.409352213
  0.
  0.
 -0.664338708
  0.349496245
  0.
  0.
  0.
  0.
 -0.604536533
  0.
  0.
  0.288240999
  0.
  0.307715476
 -0.107784115
  0.0547539406
  0.
  0.
  0.
  0.
  0.
  0.
  0.
  0.397781014
  0.
  0.
  0.
  0.
  0.
  0.
  0.
  0.
 -0.595244229
  0.
  0.990085661
  0.
  0.
  0.
 -0.388681889
  0.00235593459
  0.
  0.
  0.
  0.
  0.
 -0.198271319
  0.
  0.
  0.
  0.
  0.
  0.0419218056
  0.
  0.
  0.
  0.
  0.
  0.
  0.
  0.0333876051
  0.
  0.
  0.
  0.
  0.
  0.0665953159
  0.
  0.
  0.333654195
  0.
  0.743500054
  0.
  0.
  0.
  0.
  0.
  0.


