  0.
  0.
  0.
  0.
  0.
  0.
  0.
  0.
  0.
  0.
  0.
  0.
  0.
  0.
  0.
  0.
  0.
  0.
  0.
 -0.699999988
  0.
  0.
  0.
  0.
  0.
  0.
  0.
  0.
  0.
  0.
  0.
  0.
  0.
  0.
  0.
  0.
  0.
  0.
  0.
  0.
  0.
  0.
  0.
  0.
  0.
  0.
  0.
  0.
  0.
  0.
  0.
  0.
  0.
  0.
  0.
  0.
  0.
  0.
  0.
  0.5
  0.
  0.
  0.
  0.
  0.
  0.
  0.
  0.
  0.
  0.
  0.
  0.
  0.
  0.
  0.
  0.
  0.
  0.
  0.
  0.
  0.
  0.
  0.
  0.
  0.
  0.
  0.
  0.
  0.
  0.
  0.
  0.
  0.
  0.
  0.
  0.
  0.
  0.
  0.
  0.800000012
  0.
  0.
  0.
  0.
  0.
  0.
  0.
  0.
  0.
  0.
  0.
  0.
  0.
  0.
  0.
  0.
  0.
  0.
  0.
  0.
  0.
  0.
  0.
  0.
  0.
  0.
  0.
  0.
  0.
  0.
  0.
  0.
  0.
  0.
  0.
  0.
  0.
  0.
  0.
  0.300000012
  0.
  0.
  0.
  0.
  0.
  0.
  0.
  0.
  0.
  0.
  0.
  0.
  0.
  0.
  0.
  0.
  0.
  0.
  0.
  0.
  0.
  0.
  0.
  0.
  0.
  0.
  0.
  0.
  0.
  0.
  0.
  0.
  0.
  0.
  0.
  0.
  0.
  0.
  0.
 -0.660000026
  0.
  0.
  0.
  0.
  0.
  0.
  0.
  0.
  0.
  0.
  0.
  0.
  0.
  0.
  0.
  0.
  0.
  0.
  0.
  0.
  0.
  0.
  0.
  0.
  0.
  0.
  0.
  0.
  0.
  0.
  0.
  0.
  0.
  0.
  0.
  0.
  0.
  0.
  0.
  0.899999976
  0.
  0.
  0.
  0.
  0.
  0.
  0.
  0.
  0.
  0.
  0.
  0.
  0.
  0.
  0.
  0.
  0.
  0.
  0.
  0.
  0.
  0.
  0.
  0.
  0.
  0.
  0.
  0.
  0.
  0.
  0.
  0.
  0.
  0.
  0.
  0.


